5.836499214172363281 5.755862236022949219
5.706607818603515625 5.638082027435302734
5.576355457305908203 5.520705223083496094
5.445171833038330078 5.404392719268798828
5.311972618103027344 5.290510654449462891
5.174720764160156250 5.182137012481689453
5.030273437500000000 5.086584091186523438
4.878141403198242188 5.021438598632812500
4.607197284698486328 5.014717102050781250
4.333739757537841797 5.040195941925048828
4.061067581176757812 5.075914859771728516
3.788856029510498047 5.115347385406494141
3.517090559005737305 5.157629013061523438
3.246520280838012695 5.206236839294433594
2.981450080871582031 5.273843765258789062
2.729047060012817383 5.405227184295654297
2.485306978225708008 5.554468154907226562
2.245015859603881836 5.709391117095947266
2.007032155990600586 5.867774486541748047
1.773820996284484863 6.032793998718261719
1.557826280593872070 6.216627120971679688
1.407072544097900391 6.452916145324707031
1.413402438163757324 6.570947647094726562
1.499038696289062500 6.720733165740966797
1.621412396430969238 6.857169628143310547
1.757761836051940918 6.982892036437988281
1.899718165397644043 7.103024959564208984
2.044123411178588867 7.220495700836181641
2.189626455307006836 7.336646080017089844
2.335702180862426758 7.452075958251953125
2.482236623764038086 7.566938877105712891
2.629399299621582031 7.680987358093261719
2.777778387069702148 7.793404102325439453
2.928686141967773438 7.902167320251464844
3.084600925445556641 8.002358436584472656
3.248256683349609375 8.081720352172851562
3.508178234100341797 8.130156517028808594
3.773212194442749023 8.156220436096191406
4.039080619812011719 8.174683570861816406
4.305164337158203125 8.189972877502441406
4.571382522583007812 8.201998710632324219
4.837622165679931641 8.206020355224609375
5.101025581359863281 8.186098098754882812
5.421347141265869141 8.066784858703613281
5.734023571014404297 7.925512790679931641
6.044363975524902344 7.778990268707275391
6.353938579559326172 7.630860328674316406
6.662626266479492188 7.480923175811767578
6.968087196350097656 7.324777126312255859
7.257899761199951172 7.144860267639160156
7.500853538513183594 6.837508678436279297
7.722629547119140625 6.512788772583007812
7.939704418182373047 6.184839248657226562
8.155377388000488281 5.855964660644531250
8.368665695190429688 5.525555610656738281
8.570967674255371094 5.188672065734863281
8.711730003356933594 4.838605403900146484
8.640391349792480469 4.554211139678955078
8.520033836364746094 4.287599563598632812
8.385660171508789062 4.026971817016601562
8.247217178344726562 3.768417835235595703
8.107220649719238281 3.510697126388549805
7.965497016906738281 3.253930807113647461
7.818957328796386719 2.999992132186889648
7.689560413360595703 2.805693387985229492
7.555391788482666016 2.614490509033203125
7.419089794158935547 2.424783229827880859
7.280875205993652344 2.236478805541992188
7.138938426971435547 2.051079273223876953
6.987936019897460938 1.873881816864013672
6.817201137542724609 1.723117709159851074
6.599823951721191406 1.647012710571289062
6.369091033935546875 1.601152062416076660
6.135627269744873047 1.567329883575439453
5.901381969451904297 1.538743734359741211
5.666688919067382812 1.514268636703491211
5.431550979614257812 1.497359752655029297
5.197500705718994141 1.499868512153625488
4.920948028564453125 1.566296219825744629
4.648304939270019531 1.651398658752441406
4.377194881439208984 1.741592884063720703
4.106166362762451172 1.832017064094543457
3.833859920501708984 1.918212652206420898
3.557973623275756836 1.988559842109680176
3.284341812133789062 2.004587650299072266
3.070060729980468750 1.890257716178894043
2.868720054626464844 1.739508509635925293
2.662745952606201172 1.598140120506286621
2.339426994323730469 1.493361830711364746
1.894301891326904297 1.626077890396118164
1.249390482902526855 2.199414730072021484
0.649401426315307617 2.625786066055297852
0.373571574687957764 2.623018264770507812
0.103972792625427246 2.423284292221069336
-0.062705546617507935 1.903490781784057617
0.047253277152776718 1.292448401451110840
0.186887294054031372 0.686522424221038818
0.187320977449417114 0.684640347957611084
