8.843623161315917969 4.545800209045410156
8.703048706054687500 4.322563648223876953
8.562464714050292969 4.099331378936767578
8.421850204467773438 3.876119852066040039
8.281141281127929688 3.652966260910034180
8.140142440795898438 3.429994583129882812
7.998260974884033203 3.207585573196411133
7.853703022003173828 2.986951828002929688
7.718996524810791016 2.797198772430419922
7.581512451171875000 2.609392404556274414
7.442597866058349609 2.422635793685913086
7.302031040191650391 2.237134218215942383
7.157862663269042969 2.054536104202270508
7.004785537719726562 1.880248785018920898
6.832453727722167969 1.732585072517395020
6.605166912078857422 1.656457424163818359
6.365193367004394531 1.610748648643493652
6.122721672058105469 1.576659679412841797
5.879538536071777344 1.547526001930236816
5.635920047760009766 1.522496819496154785
5.391851902008056641 1.505657911300659180
5.149302482604980469 1.510864377021789551
4.843708992004394531 1.597948789596557617
4.543535709381103516 1.705938339233398438
4.245375633239746094 1.819617390632629395
3.948206424713134766 1.935868024826049805
3.652983188629150391 2.056821107864379883
3.365719318389892578 2.193674087524414062
3.121043205261230469 2.381457090377807617
3.023200035095214844 2.711528539657592773
2.988442420959472656 3.061174154281616211
2.969510555267333984 3.412593603134155273
2.955658197402954102 3.764276504516601562
2.948661327362060547 4.116083621978759766
2.967215538024902344 4.465987205505371094
3.084452152252197266 4.774562835693359375
3.287639617919921875 4.907769203186035156
3.567139863967895508 4.955088138580322266
3.854196786880493164 4.968671798706054688
4.141891956329345703 4.972730159759521484
4.429600238800048828 4.976484298706054688
4.716801166534423828 4.988647937774658203
4.997885704040527344 5.031283855438232422
5.195997714996337891 5.144942283630371094
5.380582809448242188 5.287149906158447266
5.558326721191406250 5.438786029815673828
5.733284473419189453 5.593755245208740234
5.907080173492431641 5.750061511993408203
6.080156326293945312 5.907204627990722656
6.252224922180175781 6.065494537353515625
6.421946048736572266 6.226275920867919922
6.588948726654052734 6.396770000457763672
6.748170375823974609 6.577235698699951172
6.898771286010742188 6.763411521911621094
7.034762859344482422 6.959147930145263672
7.128550529479980469 7.168931961059570312
7.110600471496582031 7.350492477416992188
6.934942722320556641 7.548232078552246094
6.670908451080322266 7.685698032379150391
6.391587734222412109 7.796459674835205078
6.108838558197021484 7.898817539215087891
5.824812889099121094 7.997617721557617188
5.539143085479736328 8.091361045837402344
5.249532222747802734 8.169116020202636719
4.978171825408935547 8.188340187072753906
4.705199241638183594 8.191146850585937500
4.432130336761474609 8.188520431518554688
4.159090518951416016 8.183423995971679688
3.886153936386108398 8.175134658813476562
3.613871097564697266 8.158197402954101562
3.347140789031982422 8.114770889282226562
3.173827648162841797 8.024912834167480469
3.010489225387573242 7.910244464874267578
2.853304386138916016 7.786024570465087891
2.699177503585815430 7.657810211181640625
2.546792745590209961 7.527483463287353516
2.396128892898559570 7.395169734954833984
2.248605966567993164 7.259476661682128906
2.091379642486572266 7.099215507507324219
1.937362313270568848 6.935666084289550781
1.784970164299011230 6.770568847656250000
1.634160161018371582 6.604022502899169922
1.486537456512451172 6.434735774993896484
1.347319722175598145 6.259154319763183594
1.232422351837158203 6.071094036102294922
1.129940152168273926 5.629508495330810547
1.050829410552978516 5.182233810424804688
0.975693404674530029 4.734249591827392578
0.901227533817291260 4.286151885986328125
0.826893746852874756 3.838032960891723633
0.752698123455047607 3.389888048171997070
0.679209709167480469 2.941622734069824219
0.609881877899169922 2.492656707763671875
0.541255354881286621 2.043582677841186523
0.472744494676589966 1.594492077827453613
0.404243350028991699 1.145405769348144531
0.335748106241226196 0.696277916431427002
0.335502386093139648 0.694656193256378174
