4.695290088653564453 8.432989120483398438
4.484423160552978516 8.383980751037597656
4.273556232452392578 8.334973335266113281
4.062687873840332031 8.285966873168945312
3.851820707321166992 8.236961364746093750
3.640952825546264648 8.187955856323242188
3.430086135864257812 8.138952255249023438
3.219219923019409180 8.089946746826171875
3.077047109603881836 7.974940299987792969
2.934874057769775391 7.859934329986572266
2.792701482772827148 7.744927406311035156
2.650528669357299805 7.629920959472656250
2.508356094360351562 7.514914512634277344
2.366183757781982422 7.399908065795898438
2.224011182785034180 7.284901618957519531
2.081325292587280273 7.169757366180419922
1.938639521598815918 7.054613113403320312
1.795953631401062012 6.939469337463378906
1.653267860412597656 6.824324607849121094
1.510582327842712402 6.709179878234863281
1.409752249717712402 6.573862075805664062
1.407800316810607910 6.441077232360839844
1.557526707649230957 6.227994918823242188
1.798132419586181641 6.067710876464843750
2.038740396499633789 5.907436847686767578
2.279357671737670898 5.747156620025634766
2.519973754882812500 5.586880207061767578
2.760589122772216797 5.426609516143798828
3.001204967498779297 5.266338348388671875
3.288697481155395508 5.228918075561523438
3.576189041137695312 5.191500663757324219
3.863681793212890625 5.154082775115966797
4.151173114776611328 5.116668224334716797
4.438662052154541016 5.079256057739257812
4.726144790649414062 5.041843891143798828
5.013856410980224609 5.039960861206054688
5.197076797485351562 5.170884132385253906
5.368478298187255859 5.334605693817138672
5.539880275726318359 5.498326301574707031
5.711281299591064453 5.662048816680908203
5.882682323455810547 5.825769424438476562
6.054082393646240234 5.989491939544677734
6.225481510162353516 6.153216361999511719
6.396879673004150391 6.316940784454345703
6.568276882171630859 6.480666160583496094
6.739673614501953125 6.644391059875488281
6.911071300506591797 6.808115005493164062
7.082469940185546875 6.971836566925048828
7.267523765563964844 7.093210220336914062
7.425468444824218750 7.085751533508300781
7.696529865264892578 6.868764877319335938
7.874120712280273438 6.535734653472900391
8.051709175109863281 6.202703952789306641
8.229297637939453125 5.869672298431396484
8.406884193420410156 5.536640167236328125
8.584468841552734375 5.203605175018310547
8.712102890014648438 4.861616611480712891
8.634358406066894531 4.581710815429687500
8.496303558349609375 4.319777488708496094
8.358247756958007812 4.057844161987304688
8.220191001892089844 3.795911550521850586
8.082135200500488281 3.533978700637817383
7.944079875946044922 3.272046327590942383
7.806025028228759766 3.010114192962646484
7.667225837707519531 2.824690818786621094
7.528427124023437500 2.639267206192016602
7.389627933502197266 2.453844308853149414
7.250829219818115234 2.268420696258544922
7.112030029296875000 2.082997322082519531
6.973230838775634766 1.897574067115783691
6.824803352355957031 1.727165937423706055
6.592319965362548828 1.673538804054260254
6.358802318572998047 1.642693638801574707
6.125290393829345703 1.611837148666381836
5.891776561737060547 1.580984950065612793
5.658259868621826172 1.550134301185607910
5.424741268157958984 1.519284725189208984
5.191217899322509766 1.488437533378601074
4.897742748260498047 1.545909404754638672
4.604265213012695312 1.603384852409362793
4.310784816741943359 1.660861849784851074
4.017303943634033203 1.718340277671813965
3.723824024200439453 1.775819540023803711
3.430349588394165039 1.833297848701477051
3.136883258819580078 1.890771389007568359
2.846029520034790039 1.890684247016906738
2.555176019668579102 1.890597105026245117
2.264322757720947266 1.890510082244873047
1.973469495773315430 1.890423059463500977
1.682615995407104492 1.890337467193603516
1.210638284683227539 2.210443019866943359
0.644863486289978027 2.624375581741333008
0.444249600172042847 2.625069379806518555
0.150764063000679016 2.413435220718383789
-0.020494431257247925 1.892684698104858398
0.086195334792137146 1.293537616729736328
0.192767247557640076 0.692212998867034912
0.192983478307723999 0.691858589649200439
